date	ebp	gs1	ff4_tc	logip	logcpi
1990m1	0.3196	7.92	0	414.9823418	484.8116365
1990m2	0.4342	8.11	-0.015	415.9579716	485.2030264
1990m3	0.4659	8.35	-0.0076	416.4461246	485.6706812
1990m4	0.2043	8.4	-0.0174	416.2940466	485.903691
1990m5	0.0998	8.32	0	416.5071707	486.0587298
1990m6	0.1544	8.1	0	416.8277876	486.6764924
1990m7	0.0759	7.94	-0.0665	416.6983003	487.1373227
1990m8	-0.2019	7.78	-0.0335	417.0264939	487.9767019
1990m9	-0.0007	7.76	0	417.1529344	488.6582645
1990m10	0.2263	7.55	-0.0113	416.3985668	489.3352133
1990m11	0.3011	7.31	-0.013	415.222503	489.5598484
1990m12	0.3957	7.05	-0.0957	414.566169	489.9331225
1991m1	0.4334	6.64	-0.1674	414.1310842	490.3050083
1991m2	0.3359	6.27	-0.2304	413.4305386	490.3792198
1991m3	0.2675	6.4	-0.0363	412.90519	490.3792198
1991m4	0.2213	6.24	-0.0321	413.102198	490.6015245
1991m5	0.2072	6.13	-0.1946	414.0983207	490.9709376
1991m6	0.1104	6.36	-0.009	415.005044	491.2654886
1991m7	0.2234	6.31	0.0087	415.124146	491.4124394
1991m8	0.1598	5.78	-0.0803	415.2096041	491.7056947
1991m9	0.1793	5.57	0.0016	416.0959052	491.9980926
1991m10	0.1805	5.33	-0.0026	415.921584	492.1439715
1991m11	0.1867	4.89	-0.1374	415.8070253	492.5803359
1991m12	0.2206	4.38	-0.1206	415.4085657	492.8701911
1992m1	0.0753	4.15	-0.1494	414.8475992	492.9425239
1992m2	0.1163	4.29	0	415.5613682	493.1592087
1992m3	0.0591	4.63	0	416.3889281	493.5193099
1992m4	0.0554	4.3	-0.1493	417.1441397	493.7347498
1992m5	0.0191	4.19	-0.0468	417.4697991	493.9497266
1992m6	-0.0002	4.17	0.0061	417.4841013	494.2356453
1992m7	-0.0722	3.6	-0.2903	418.3837857	494.5207489
1992m8	0.1035	3.47	-0.0055	417.8904743	494.7340444
1992m9	0.1941	3.18	0.0148	418.1225375	494.9468859
1992m10	0.14	3.3	0.0091	418.8698224	495.3712147
1992m11	0.0728	3.68	0.0019	419.2943268	495.6531035
1992m12	0.1372	3.71	-0.0029	419.3845947	495.7937505
1993m1	0.0858	3.5	-0.0071	419.8168398	496.144505
1993m2	0.054	3.39	-0.0179	420.2591907	496.3543687
1993m3	0.0276	3.33	-0.0021	420.1190973	496.4940335
1993m4	0.0536	3.24	0	420.4692619	496.8423445
1993m5	0.0256	3.36	-0.0084	420.1214937	497.1201225
1993m6	-0.0549	3.54	-0.0116	420.2871559	497.1894466
1993m7	-0.0611	3.47	0	420.5953019	497.3279508
1993m8	-0.0296	3.44	0.0045	420.4901553	497.535348
1993m9	0.0273	3.36	0.0085	420.9672735	497.6733742
1993m10	-0.0148	3.39	0.007	421.7321494	498.0863136
1993m11	-0.134	3.58	0	422.1455806	498.3606622
1993m12	-0.1435	3.61	-0.0032	422.6912574	498.5659308
1994m1	-0.2277	3.54	-0.0068	423.0691986	498.5659308
1994m2	-0.4383	3.87	0	423.0965344	498.8389685
1994m3	-0.3211	4.32	0	424.0990005	499.1112628
1994m4	-0.2729	4.82	0.052	424.6640666	499.1792206
1994m5	-0.2778	5.31	0.0922	425.1748516	499.3828176
1994m6	-0.3242	5.27	0.0258	425.8110297	499.653637
1994m7	-0.306	5.48	0	425.9641463	499.9911331
1994m8	-0.2469	5.56	0	426.5567254	500.3946306
1994m9	-0.3992	5.76	-0.004	426.9371522	500.5957705
1994m10	-0.2902	6.11	-0.026	427.780436	500.6627273
1994m11	-0.2571	6.54	0.0427	428.3949255	500.9301071
1994m12	-0.1838	7.14	0.018	429.439552	501.1301739
1995m1	-0.2293	7.05	-0.0306	429.6222256	501.3963084
1995m2	-0.2814	6.7	0	429.4594715	501.6617366
1995m3	-0.2922	6.43	0.0026	429.6034284	501.8603464
1995m4	-0.2356	6.27	0.0174	429.5395186	502.2563865
1995m5	-0.3329	6	0	429.878632	502.4538199
1995m6	-0.1431	5.64	0	430.2174117	502.6508643
1995m7	-0.3187	5.59	-0.1258	429.81884	502.7820119
1995m8	-0.1883	5.75	-0.0242	431.0732009	502.9784113
1995m9	-0.1671	5.62	0.005	431.4733657	503.1091303
1995m10	-0.1208	5.59	0.025	431.350285	503.3700567
1995m11	-0.0399	5.43	0	431.6016364	503.5002651
1995m12	-0.0488	5.31	-0.021	431.982538	503.6303041
1996m1	-0.0934	5.09	-0.0297	431.3267218	504.1487758
1996m2	-0.32	4.94	-0.0194	432.8552016	504.3425117
1996m3	-0.3425	5.34	0.0019	432.7611367	504.6645732
1996m4	-0.2913	5.54	0.0081	433.6718028	505.0496828
1996m5	-0.323	5.64	0	434.4014491	505.2416828
1996m6	-0.2759	5.81	0	435.2429169	505.4333149
1996m7	-0.33	5.85	-0.0281	435.1131765	505.6245805
1996m8	-0.3623	5.67	-0.0019	435.6913934	505.751888
1996m9	-0.3824	5.83	-0.0303	436.3776102	506.0694494
1996m10	-0.3147	5.55	-0.0997	436.3181424	506.3860055
1996m11	-0.2861	5.42	-0.006	437.1971248	506.7015628
1996m12	-0.3925	5.47	-0.0088	437.8448993	506.9532935
1997m1	-0.3166	5.61	-0.0052	437.9865551	507.1416766
1997m2	-0.4667	5.53	0	439.1890328	507.3297055
1997m3	-0.4983	5.8	0.009	439.8564133	507.3923033
1997m4	-0.4509	5.99	0.031	439.879894	507.454862
1997m5	-0.4474	5.87	-0.0348	440.463537	507.454862
1997m6	-0.5552	5.69	-0.0552	440.9501957	507.6423035
1997m7	-0.5277	5.54	-0.0194	441.7100541	507.7670695
1997m8	-0.4833	5.56	0.0035	442.749462	508.0161357
1997m9	-0.5738	5.52	0.0058	443.6338431	508.264583
1997m10	-0.4285	5.46	0	444.4905185	508.4505143
1997m11	-0.3469	5.46	0	445.3645888	508.5742767
1997m12	-0.3938	5.53	-0.0052	445.6724701	508.6361005
1998m1	-0.3489	5.24	-0.0048	446.184701	508.7596335
1998m2	-0.3458	5.31	0	446.3159517	508.7596335
1998m3	-0.3994	5.39	0	446.3834706	508.7596335
1998m4	-0.4282	5.38	0	446.7528644	508.8830142
1998m5	-0.3853	5.44	-0.0042	447.3867166	509.1293197
1998m6	-0.356	5.41	-0.0058	446.7573398	509.2522454
1998m7	-0.3159	5.36	0.01	446.409383	509.4976443
1998m8	0.0837	5.21	0.0045	448.44106	509.6201182
1998m9	0.0534	4.71	0.0102	448.2454379	509.681299
1998m10	0.1883	4.12	-0.0718	449.0518866	509.9256486
1998m11	0.1714	4.53	-0.1129	448.9869317	510.0475998
1998m12	0.0382	4.52	0	449.3575836	510.2302483
1999m1	0.0431	4.51	0	449.8246227	510.4125637
1999m2	-0.2114	4.7	0	450.3564833	510.4125637
1999m3	-0.1886	4.78	-0.0013	450.5149831	510.4732617
1999m4	-0.2302	4.69	-0.0187	450.7859406	511.1385197
1999m5	-0.2308	4.85	0.0181	451.4720176	511.1987788
1999m6	-0.1686	5.1	0.0196	451.3048318	511.1987788
1999m7	-0.1212	5.03	-0.0677	451.9357363	511.619579
1999m8	-0.0538	5.2	0.0039	452.3557663	511.8592436
1999m9	0.0694	5.25	0.0111	451.9329033	512.2772794
1999m10	0.0903	5.43	0.0348	453.2576912	512.455904
1999m11	0.0467	5.55	0.0352	453.7288483	512.6342102
1999m12	-0.1807	5.84	0.0282	454.4988029	512.8714582
2000m1	0.0094	6.12	-0.0032	454.5163248	513.1672289
2000m2	0.0775	6.22	0.0048	454.8130942	513.5798437
2000m3	0.3385	6.22	-0.0034	455.1748312	514.1663557
2000m4	0.4961	6.15	-0.0064	455.892518	514.107859
2000m5	0.6789	6.33	0.0361	456.0627737	514.2832464
2000m6	0.7279	6.17	0.0324	456.1587091	514.8656592
2000m7	0.8071	6.08	-0.0135	456.0074489	515.1555985
2000m8	0.9918	6.18	0.0016	455.7147327	515.1555985
2000m9	1.0878	6.13	0.0034	456.0998839	515.6753802
2000m10	1.4971	6.01	0.0234	455.8047131	515.8480421
2000m11	1.5555	6.09	0.0016	455.8318592	516.0204064
2000m12	1.5588	5.6	-0.0021	455.5531312	516.2497643
2001m1	1.138	4.81	-0.1423	454.9073796	516.8208681
2001m2	1.1301	4.68	0.0194	454.2654152	517.0483995
2001m3	1.0592	4.3	-0.029	454.0312681	517.1052016
2001m4	0.8692	3.98	-0.2063	453.7393361	517.2754144
2001m5	0.7259	3.78	-0.2864	453.126527	517.7843213
2001m6	0.9669	3.58	-0.0532	452.5269468	518.0096735
2001m7	0.7269	3.62	0.065	451.953931	517.840707
2001m8	0.7361	3.47	-0.0071	451.8298799	517.840707
2001m9	1.1708	2.82	-0.0129	451.4467276	518.234519
2001m10	0.9936	2.33	-0.0387	451.0106476	517.9533831
2001m11	-0.2042	2.18	-0.118	450.5195143	517.8970609
2001m12	0.3463	2.22	-0.0437	450.543051	517.840707
2002m1	0.5375	2.16	-0.0084	451.1731654	518.0096735
2002m2	0.7204	2.23	0.0187	451.1467014	518.178355
2002m3	0.2141	2.57	-0.0189	451.9590511	518.4588601
2002m4	0.3482	2.48	-0.0261	452.3711727	518.9060381
2002m5	0.451	2.35	-0.0161	452.7930546	519.0175208
2002m6	0.8895	2.2	-0.0055	453.7400851	519.0732156
2002m7	1.4898	1.96	-0.0083	453.5001981	519.2956851
2002m8	1.4039	1.76	-0.0245	453.5132841	519.5730778
2002m9	1.5619	1.72	-0.0167	453.6520827	519.7391448
2002m10	1.3743	1.65	-0.0038	453.3495865	519.9601394
2002m11	0.9684	1.49	-0.0708	453.8702338	520.1255654
2002m12	0.8405	1.45	-0.0071	453.3784812	520.2907182
2003m1	0.8146	1.36	0.0058	454.1375921	520.7297968
2003m2	0.5911	1.3	0.0271	454.2796786	521.2759478
2003m3	0.0714	1.24	-0.009	454.0480187	521.4392132
2003m4	0.0043	1.27	-0.011	453.3305695	521.0578452
2003m5	-0.5785	1.18	-0.0335	453.3586103	520.8939555
2003m6	-0.444	1.01	0.0145	453.5258321	521.0032452
2003m7	-1.1529	1.12	0.084	453.9651985	521.3303992
2003m8	-0.236	1.31	0	453.8224503	521.7649463
2003m9	-0.6054	1.24	0	454.4093399	522.089622
2003m10	-0.5547	1.25	-0.0013	454.5504042	521.9815138
2003m11	-0.5914	1.34	-0.0087	455.3179807	522.0355825
2003m12	-0.5494	1.31	0.0037	455.2467478	522.3054882
2004m1	-0.7341	1.24	0.0019	455.5018345	522.7358278
2004m2	-0.3549	1.24	0.0044	456.1058411	522.9503051
2004m3	-0.5481	1.19	-0.0026	455.6072375	523.1643233
2004m4	-0.7849	1.43	-0.0024	456.0575459	523.324537
2004m5	-0.3953	1.78	-0.0045	456.8470931	523.7505227
2004m6	-0.4029	2.12	-0.0008	456.0192694	524.1217775
2004m7	-0.3387	2.1	-0.0097	456.7868031	524.2275976
2004m8	-0.4223	2.02	0.0284	456.8604744	524.2804657
2004m9	-0.5739	2.12	0.0083	456.9446631	524.5970886
2004m10	-0.537	2.23	-0.0067	457.8922715	525.1225759
2004m11	-0.6912	2.5	-0.007	458.1017852	525.593165
2004m12	-0.7464	2.67	-0.0059	458.8347474	525.593165
2005m1	-0.7203	2.86	-0.0021	459.294071	525.5409866
2005m2	-0.9858	3.03	0	459.9794764	525.9576538
2005m3	-0.6963	3.3	0.0032	459.8206999	526.3208189
2005m4	-0.4471	3.32	0.0068	459.9890272	526.631057
2005m5	-0.3609	3.33	0.0094	460.1195297	526.5794175
2005m6	-0.5125	3.36	0.0011	460.5023175	526.631057
2005m7	-0.6115	3.64	0.0145	460.1856702	527.2486607
2005m8	-0.587	3.87	-0.0074	460.4605026	527.8624733
2005m9	-0.5106	3.85	0.0084	458.5762061	529.2299294
2005m10	-0.3614	4.18	0.019	459.829561	529.3807211
2005m11	-0.3657	4.33	0	460.8381026	528.8771954
2005m12	-0.3325	4.35	-0.0031	461.4562936	528.8771954
2006m1	-0.3823	4.45	-0.0011	461.5741116	529.4811227
2006m2	-0.3637	4.68	0.0242	461.5782674	529.5312858
2006m3	-0.4491	4.77	0.0039	461.7840576	529.681624
2006m4	-0.4813	4.9	0.0261	462.1843412	530.1811256
2006m5	-0.382	5	0.0248	462.0836821	530.4796333
2006m6	-0.4067	5.16	0.0085	462.4671788	530.7277108
2006m7	-0.3105	5.22	-0.0233	462.4304943	531.2713247
2006m8	-0.3149	5.08	-0.0271	462.822927	531.7139121
2006m9	-0.3961	4.97	-0.0079	462.6199512	531.2220272
2006m10	-0.4081	5.01	-0.0011	462.5627501	530.7772525
2006m11	-0.391	5.01	-0.0039	462.4666884	530.8267697
2006m12	-0.5209	4.94	-0.0032	463.5012443	531.3698469
2007m1	-0.5658	5.06	-0.0019	462.9797431	531.5356375
2007m2	-0.5795	5.05	-0.0048	463.9826653	531.9227224
2007m3	-0.3859	4.92	-0.0053	464.20044	532.4413871
2007m4	-0.3879	4.93	-0.0097	464.9009065	532.7410041
2007m5	-0.6267	4.91	0.0037	464.9495158	533.1534517
2007m6	-0.4101	4.96	0.0013	464.9777328	533.384859
2007m7	-0.0036	4.96	0	464.9404273	533.5627602
2007m8	0.1204	4.47	0	465.1630018	533.5935835
2007m9	0.0377	4.14	-0.0737	465.549346	534.0164435
2007m10	-0.0352	4.1	-0.0954	465.1262428	534.324293
2007m11	0.2912	3.5	0.029	465.7134355	535.1071094
2007m12	0.4507	3.26	0.0203	465.7247323	535.3964917
2008m1	0.6686	2.71	-0.039	465.45497	535.7406693
2008m2	0.8801	2.05	-0.2063	465.1188894	535.9821601
2008m3	1.0808	1.54	0.0339	464.881954	536.3393243
2008m4	0.592	1.74	0.0386	464.1216636	536.570495
2008m5	0.6148	2.06	-0.0725	463.5566501	537.1605002
2008m6	0.7365	2.42	0.003	463.3218139	538.2028721
2008m7	0.9947	2.28	0.012	462.7911628	538.9144787
2008m8	1.1778	2.18	-0.0261	461.2496284	538.7655202
2008m9	1.6708	1.91	0.0561	456.8159669	538.8509928
2008m10	3.2543	1.42	0.0474	457.7626312	537.9874312
2008m11	2.849	1.07	-0.0474	456.4978201	536.2010218
2008m12	3.0375	0.49	-0.0955	453.5306578	535.3742613
2009m1	2.6115	0.44	-0.0895	451.1269313	535.6270187
2009m2	3.0398	0.62	0	450.4799423	535.9906229
2009m3	2.5608	0.64	-0.0045	448.8816129	535.8918459
2009m4	2.1126	0.55	-0.0052	448.0803526	535.9925034
2009m5	1.2313	0.5	0.0047	447.0672612	536.1395447
2009m6	0.8121	0.51	0	446.6760629	536.9660807
2009m7	0.2108	0.48	0	447.7703793	536.9362797
2009m8	-0.0286	0.46	-0.0032	448.884983	537.2705657
2009m9	-0.0491	0.4	-0.0058	449.6388268	537.4634682
2009m10	-0.2279	0.37	-0.011	449.9584089	537.7632117
2009m11	-0.0907	0.31	-0.009	450.3552657	538.0975114
2009m12	-0.5618	0.37	-0.0036	450.6599898	538.1495155
2010m1	-0.2466	0.35	-0.0024	451.81319	538.2143677
2010m2	-0.0455	0.35	0	452.1723358	538.1191447
2010m3	-0.1994	0.4	-0.0052	452.8281582	538.152276
2010m4	-0.3178	0.45	-0.0058	453.1992858	538.1752774
2010m5	-0.1988	0.37	-0.009	454.6478008	538.1232867
2010m6	-0.0292	0.32	0	454.7961536	538.0813984
2010m7	0.1266	0.29	0	455.233465	538.2681493
2010m8	-0.3686	0.26	0	455.5399942	538.4141789
2010m9	-0.0637	0.26	0.0017	455.7698003	538.5755736
2010m10	-0.0332	0.23	0.0033	455.5043579	538.9231534
2010m11	-0.1783	0.25	0.0047	455.5331622	539.1762171
2010m12	-0.4617	0.29	0.0003	456.4971955	539.5770703
2011m1	-0.0253	0.27	-0.001	456.3685472	539.9008498
2011m2	-0.3009	0.29	-0.004	455.9287491	540.2217817
2011m3	-0.3455	0.26	0	456.9172992	540.7378028
2011m4	-0.2931	0.25	0	456.5583886	541.2061144
2011m5	-0.1654	0.19	0	456.7859727	541.5237808
2011m6	-0.0348	0.18	-0.0015	457.0738149	541.5237808
2011m7	-0.0864	0.19	-0.0035	457.6042051	541.7854419
2011m8	-0.1628	0.11	-0.0037	458.1626188	542.1003916
2011m9	0.342	0.1	0.0054	458.1383513	542.3173109
2011m10	-0.1925	0.11	0.0133	458.8249841	542.3848089
2011m11	0.4236	0.11	0.0097	458.7447055	542.5694234
2011m12	0.1838	0.12	0.0003	459.2972091	542.5931914
2012m1	0.0967	0.12	0	459.9076658	542.8652406
2012m2	-0.0213	0.16	0	460.1365959	543.0787571
2012m3	-0.4382	0.19	0	459.6685291	543.2878853
2012m4	-0.2561	0.18	0	460.4175692	543.4538264
2012m5	-0.2018	0.19	0	460.6093759	543.2467942
2012m6	0.0669	0.19	0.0037	460.5897921	543.1641238
