month	i_1YR	unempl	fxbis	gdp	corp_spread	mortg_spread	cred	equity	tb	CPI	us_baa	cm2	cloyne
1979-07-01	0.12089376	0.05	4.994530683	3.95442985	0.762165644	-0.59	2.412960677	2.066744711					0
1979-08-01	0.12102942	0.051	4.987977623	3.940438613	0.602165644	-0.51	2.416442067	2.072041118					0
1979-09-01	0.12382271	0.051	4.962826677	3.940448989	0.322165644	-0.81	2.410462527	2.087363998					0
1979-10-01	0.12780256	0.051	4.945377584	3.947464237	0.092165644	-1.34	2.419716939	2.094541062					0
1979-11-01	0.14210434	0.052	4.941350081	3.958395059	-0.067834356	0.24	2.432929527	1.98683816					2.255388757
1979-12-01	0.1428948	0.053	4.956473112	3.958247614	0.392165644	-0.02	2.430028338	2.007854695					0
1980-01-01	0.14115453	0.054	4.979976514	3.953117871	0.752165644	0.59	2.423282801	2.05068507					0
1980-02-01	0.14778	0.055	5.000516559	3.942958993	0.192165644	0.26	2.420076634	2.119262745					0
1980-03-01	0.15038608	0.057	5.002547548	3.939254322	0.332165644	0.07	2.416341374	2.081746006					0
1980-04-01	0.14471009	0.058	5.012835437	3.924910919	0.782165644	0.58	2.422233218	2.072041118					0
1980-05-01	0.13692189	0.06	5.014647618	3.924843321	0.662165644	0.89	2.429388454	2.084960151					0
1980-06-01	0.13295322	0.062	5.014647618	3.93312634	0.612165644	1.22	2.434492689	2.131589558					0
1980-07-01	0.12902775	0.065	5.021992065	3.928955633	0.802165644	1.92	2.455636493	2.204301894					-0.441648562
1980-08-01	0.13587317	0.068	5.036457826	3.926505536	0.262165644	1.3	2.464071861	2.21033563					0
1980-09-01	0.12932128	0.071	5.045652425	3.921539717	0.662165644	1.53	2.46112308	2.244083832					0
1980-10-01	0.1265185	0.074	5.064038036	3.918415159	0.752165644	1.8	2.47526578	2.264738029					0
1980-11-01	0.13081274	0.077	5.083239504	3.91507983	0.622165644	1.66	2.458859588	2.286942752					-0.552882505
1980-12-01	0.12813729	0.079	5.078337088	3.907917877	0.372165644	0.22	2.462666167	2.245451354					0
1981-01-01	0.12654555	0.083	5.10957563	3.908426844	0.452165644	0.03	2.479545268	2.217739155					0
1981-02-01	0.12028847	0.086	5.108222171	3.907807341	0.482165644	0.16	2.464746343	2.253956253					0
1981-03-01	0.11766685	0.088	5.080700511	3.907260878	0.842165644	-0.66	2.462943468	2.274077656					-1.127793059
1981-04-01	0.11702535	0.091	5.078215736	3.9078829	0.972165644	-0.66	2.459984243	2.336809267					0
1981-05-01	0.12149355	0.093	5.079549797	3.903286185	0.772165644	-1.4	2.457008059	2.339300704					0
1981-06-01	0.12392124	0.094	5.05071731	3.918261423	0.922165644	-1.69	2.460502344	2.325204934					0
1981-07-01	0.12955245	0.095	5.021927874	3.920382984	0.922165644	-2.28	2.466994105	2.320144835					0
1981-08-01	0.13186832	0.096	5.012900214	3.925774877	1.072165644	-2.23	2.490774448	2.364182958					0.225972754
1981-09-01	0.13634341	0.097	4.975884608	3.924949159	1.102165644	-2.81	2.491713332	2.298673092					0.869479211
1981-10-01	0.14707139	0.098	4.973192273	3.93168822	1.132165644	-1.34	2.494921966	2.224041696					0.173202894
1981-11-01	0.13769059	0.099	4.991292616	3.92396305	1.112165644	-0.72	2.512152362	2.286287014					0
1981-12-01	0.14227999	0.099	5.001237705	3.915397786	0.772165644	-1	2.516670991	2.302875458					-0.200344382
1982-01-01	0.14167741	0.101	5.0051621	3.922823699	1.052165644	-0.94	2.523448892	2.317605151					0
1982-02-01	0.13228314	0.101	5.010695428	3.927823567	1.162165644	-0.09	2.547770155	2.351972794					-0.035048168
1982-03-01	0.12553799	0.102	5.004117099	3.932233835	1.222165644	-0.51	2.55428176	2.342096171					0
1982-04-01	0.12985964	0.102	4.995783444	3.937859677	1.142165644	-0.7	2.572417	2.344265033					0.029496814
1982-05-01	0.12321531	0.103	4.994266744	3.943786378	1.182165644	-0.39	2.580195023	2.373243727					0
1982-06-01	0.12060408	0.103	5.007769833	3.936329827	1.172165644	-0.25	2.585803105	2.366304493					-0.242579332
1982-07-01	0.11501878	0.104	5.010240897	3.936098915	1.202165644	0.15	2.599451393	2.363879514					0.264308468
1982-08-01	0.10110642	0.105	5.011928113	3.940838284	1.332165644	-0.18	2.608238903	2.383711895					-0.812829474
1982-09-01	0.09897464	0.106	5.014841585	3.941046398	1.392165644	0.53	2.619725475	2.443758791					-0.060170771
1982-10-01	0.09069746	0.107	5.021542641	3.944626381	1.692165644	1.35	2.651554882	2.48814964					0
1982-11-01	0.08895175	0.108	4.992417216	3.940583597	1.302165644	-0.71	2.642485397	2.515381991					0
1982-12-01	0.10289652	0.109	4.947108587	3.950149713	1.232165644	-1.53	2.656317457	2.504894218					0
1983-01-01	0.10598667	0.109	4.910112999	3.957097319	1.192165644	-1.82	2.660414619	2.536033215					1.916629196
1983-02-01	0.10447575	0.11	4.896306716	3.963620958	1.462165644	-1.74	2.666369278	2.569696278					0
1983-03-01	0.10331844	0.11	4.875270341	3.960543826	1.672165644	-1.33	2.674233846	2.588539366					0.221221469
1983-04-01	0.10052753	0.11	4.91826347	3.965980079	1.732165644	-1.01	2.68398958	2.637502675					-0.307610166
1983-05-01	0.09952049	0.111	4.944198789	3.971801973	1.672165644	-1.11	2.691320589	2.622852954					0
1983-06-01	0.10019671	0.112	4.949940961	3.96616416	1.732165644	0.11	2.70327984	2.671542722					-0.232817519
1983-07-01	0.10520907	0.112	4.94620884	3.976612885	1.422165644	-0.32	2.703615783	2.661000962					0
1983-08-01	0.10457628	0.112	4.951388588	3.97739971	1.432165644	-0.51	2.712627274	2.688357277					0.553108843
1983-09-01	0.09864734	0.113	4.949940961	3.983637972	1.602165644	-0.04	2.731806242	2.672434782					0
1983-10-01	0.09692825	0.113	4.933666869	3.988282967	1.482165644	0.19	2.734292958	2.641649191					-0.399221639
1983-11-01	0.09455624	0.114	4.938702549	3.989128559	1.522165644	0.53	2.742811434	2.679542764					0
1983-12-01	0.09596889	0.114	4.926912939	3.993579441	1.422165644	0.44	2.752941271	2.708340566					0
1984-01-01	0.09519645	0.115	4.924156072	4.00052361	1.612165644	0.46	2.76377406	2.763968538					0
1984-02-01	0.09363947	0.115	4.923235424	4.002217098	1.562165644	0.37	2.775891601	2.761932292					0
1984-03-01	0.09044543	0.116	4.907525304	3.995744999	1.552165644	0.58	2.793003013	2.811634431					-0.157622862
1984-04-01	0.09161488	0.116	4.896961571	3.992981189	1.392165644	-0.38	2.801278507	2.828557912					0
1984-05-01	0.10006165	0.116	4.900591866	3.99250023	1.332165644	-1.02	2.817278523	2.808720959					0.667507931
1984-06-01	0.10160826	0.115	4.892733851	3.996542195	1.532165644	-1.23	2.833208092	2.765391447					0.612666233
1984-07-01	0.11247046	0.115	4.881790332	3.993833041	1.922165644	-1.47	2.831413834	2.730880325					0
1984-08-01	0.10591748	0.114	4.884077059	3.992219327	1.882165644	1.4	2.829021314	2.795405705					-1.608286868
1984-09-01	0.10697945	0.114	4.873931454	4.006900237	1.732165644	1.59	2.821747568	2.8283672					0
1984-10-01	0.10559627	0.114	4.85560299	4.010723423	1.622165644	1.75	2.842265289	2.843886058					0
1984-11-01	0.09711014	0.113	4.855375537	4.007107761	1.572165644	2.05	2.856985507	2.88220351					-1.268816623
1984-12-01	0.09859202	0.113	4.837704394	4.018709002	1.512165644	1.03	2.873418871	2.925530948					0
1985-01-01	0.10993916	0.112	4.806824198	4.021566314	1.442165644	0.57	2.889830165	2.971200985					2.324862817
1985-02-01	0.11908059	0.112	4.807778928	4.018032367	1.432165644	1.47	2.889258282	2.986949342					0
1985-03-01	0.11858755	0.111	4.830345439	4.029202526	1.262165644	1.66	2.893706819	2.999404012					-0.569903883
1985-04-01	0.1135844	0.111	4.882454759	4.031258596	1.182165644	2.78	2.899361984	2.996345167					0.196824966
1985-05-01	0.11448483	0.111	4.891418157	4.039274574	1.112165644	2.62	2.900623212	3.020557882					0
1985-06-01	0.11234481	0.11	4.905724345	4.045992619	1.102165644	2.84	2.914828464	2.99779526					0
1985-07-01	0.1079877	0.11	4.939539369	4.031733731	1.232165644	3.11	2.924168001	2.963066135					-0.464344254
1985-08-01	0.10447919	0.11	4.920610471	4.038643759	1.172165644	3.19	2.939436256	3.006930671					0
1985-09-01	0.10554539	0.11	4.916125042	4.046150703	1.102165644	2.21	2.937701046	3.017089488					0
1985-10-01	0.10523111	0.11	4.904858732	4.041825661	1.072165644	2.3	2.959997708	3.039267502					0
1985-11-01	0.10776125	0.11	4.900591866	4.051735364	1.042165644	2.1	2.970929734	3.094261078					0
1985-12-01	0.11134443	0.11	4.887827752	4.043971067	1.112165644	2.01	2.976977589	3.080274836					0
1986-01-01	0.11980235	0.11	4.857874686	4.054536543	1.192165644	1.66	2.985182827	3.087366016			2.24		1.06861507
1986-02-01	0.11613067	0.11	4.826606535	4.058370439	1.152165644	2.06	2.991814373	3.146803592			2.41		0
1986-03-01	0.10339345	0.11	4.829723259	4.066140493	1.102165644	3.03	3.003760532	3.234785506			2.72		-0.837226098
1986-04-01	0.09150795	0.11	4.852337867	4.072115397	1.122165644	3.12	3.030724975	3.270840057			2.89		-0.458093053
1986-05-01	0.09032411	0.11	4.852261807	4.067107224	1.042165644	2.68	3.038204112	3.239474698			2.58		-0.31279688
1986-06-01	0.08997252	0.111	4.847381889	4.075708379	1.092165644	1.57	3.043812685	3.244896816			2.54		0
1986-07-01	0.0945006	0.111	4.823636623	4.070358135	1.112165644	1.4	3.054040689	3.241748			2.86		0
1986-08-01	0.09421552	0.111	4.784528614	4.072144942	1.122165644	1.35	3.066178702	3.230457046			3.02		0
1986-09-01	0.10025153	0.11	4.770347468	4.087597912	1.122165644	0.73	3.08628262	3.253785763			2.75		0
1986-10-01	0.10858033	0.11	4.731803484	4.090997618	1.242165644	0.13	3.097877804	3.235928146			2.81		1.065355861
1986-11-01	0.10836269	0.11	4.740346894	4.093423671	1.252165644	1.16	3.110954881	3.266419074			2.81		0
1986-12-01	0.10872618	0.109	4.738899654	4.096015856	1.242165644	1.27	3.121606638	3.273165497			2.86		0
1987-01-01	0.10317212	0.109	4.738729252	4.08874253	1.182165644	1.98	3.118817868	3.345543017			2.64		0
1987-02-01	0.09944996	0.108	4.739155201	4.103925008	1.112165644	2.27	3.137717597	3.423817223			2.40		0
1987-03-01	0.09091198	0.107	4.777913915	4.102618264	1.172165644	3.08	3.152959873	3.47505794			2.36		-0.490770809
1987-04-01	0.09000296	0.106	4.785748772	4.104090072	1.212165644	3	3.153926434	3.462896375			2.02		0
1987-05-01	0.08325015	0.104	4.798431198	4.110378232	1.432165644	2.62	3.176225082	3.541436675			1.90		-0.715739416
1987-06-01	0.08565217	0.103	4.788752142	4.115367736	1.342165644	2.34	3.190487549	3.598397713			2.12		0
1987-07-01	0.09055315	0.101	4.789724275	4.129628622	1.182165644	1.98	3.199853533	3.656463326			2.16		0
1987-08-01	0.10006955	0.099	4.785342218	4.131802626	1.212165644	1.15	3.211167931	3.613124487			2.04		1.76774555
1987-09-01	0.10036203	0.097	4.794087213	4.131493426	1.602165644	1.07	3.224417566	3.634730665			1.88		0
1987-10-01	0.09671684	0.096	4.79987501	4.136332958	1.552165644	1.14	3.235288683	3.548330684			2.09		0
1987-11-01	0.0856848	0.094	4.817906398	4.138847581	1.582165644	1.96	3.244166359	3.285195534			2.37		-1.347025407
1987-12-01	0.0872455	0.092	4.821599483	4.146380812	1.732165644	0.69	3.25982261	3.305284695			2.30		-0.730794847
1988-01-01	0.08998675	0.091	4.813013711	4.159574066	1.382165644	0.54	3.274388067	3.370474123			2.40		0
1988-02-01	0.09154509	0.089	4.806824198	4.153346412	1.462165644	0.75	3.286051175	3.364801453			2.41		0.435501246
1988-03-01	0.08732907	0.087	4.835927715	4.160500414	1.722165644	1.05	3.299609493	3.399334893			2.20		-0.489413185
1988-04-01	0.08370214	0.086	4.854996332	4.159210265	1.622165644	0.96	3.318369399	3.389262788			2.18		-0.52329501
1988-05-01	0.08397039	0.084	4.857572091	4.162612893	1.612165644	0.37	3.327836737	3.391437411			1.95		-0.455903235
1988-06-01	0.08972573	0.083	4.835231632	4.165588714	1.622165644	0.24	3.351654583	3.427700315			2.08		0.356877631
1988-07-01	0.09887735	0.082	4.829489841	4.171712331	1.542165644	0.18	3.369348491	3.438638494			2.06		0.506116445
1988-08-01	0.10361293	0.081	4.841709637	4.177382198	1.842165644	1.61	3.381187943	3.427386031			1.95		1.255365123
1988-09-01	0.10710261	0.08	4.829645459	4.179881121	1.482165644	1.68	3.398670424	3.390024444			1.92		0
1988-10-01	0.10466922	0.079	4.838630106	4.179272763	1.652165644	3.12	3.412898848	3.430733314			1.61		0
1988-11-01	0.11003051	0.077	4.846464247	4.184495266	1.642165644	2.95	3.422457335	3.421606579			1.52		0.598951673
1988-12-01	0.11399609	0.076	4.856815204	4.183510191	1.702165644	2.71	3.433752692	3.384789971			1.54		0
1989-01-01	0.11286702	0.074	4.858781921	4.184662929	1.642165644	3.27	3.44603914	3.449970644			1.56		0
1989-02-01	0.1119183	0.073	4.853933794	4.189849134	1.712165644	3.84	3.460700778	3.531666752			1.44		0
1989-03-01	0.11405051	0.071	4.840555924	4.186413601	1.732165644	3.68	3.476686456	3.548052119			1.31		0
1989-04-01	0.11689953	0.07	4.834999497	4.19811014	1.912165644	3.38	3.491051052	3.538721953			1.44		0
1989-05-01	0.11709913	0.069	4.822305117	4.191627983	1.812165644	3.41	3.501042868	3.569277706			1.60		0.328912354
1989-06-01	0.12303823	0.069	4.792877194	4.18927315	1.662165644	3.04	3.513377142	3.570912881			1.76		0
1989-07-01	0.11844682	0.068	4.803954526	4.188803242	1.982165644	3.45	3.523742075	3.612602249			1.86		0
1989-08-01	0.11710796	0.068	4.79770851	4.198697565	1.942165644	3.69	3.544666589	3.652539297			1.76		0
1989-09-01	0.12226827	0.068	4.79400659	4.196013164	2.152165644	3.39	3.559533151	3.660039957			1.72		-0.353750921
1989-10-01	0.1284951	0.067	4.777750035	4.190908505	2.182165644	3.48	3.555145697	3.579228937			1.80		0.777636006
1989-11-01	0.12966062	0.067	4.758889355	4.194437845	2.322165644	4.05	3.561694085	3.576975973			1.94		0
1989-12-01	0.13160612	0.067	4.745099512	4.198180545	2.232165644	3.98	3.573055173	3.635581873			1.98		0
1990-01-01	0.13467813	0.066	4.759473735	4.19875495	2.592165644	3.71	3.577833226	3.643379184			1.74		0
1990-02-01	0.13573665	0.066	4.777913915	4.203176207	2.332165644	3.36	3.588264514	3.610772263			1.67		0
1990-03-01	0.14160486	0.066	4.750840347	4.208491202	2.392165644	2.98	3.60112666	3.583630076			1.62		0
1990-04-01	0.14134844	0.066	4.752606612	4.207869339	2.242165644	2.67	3.601391837	3.558307672			1.52		0
1990-05-01	0.13781231	0.066	4.764053451	4.208458923	1.722165644	3.04	3.606658577	3.569732189			1.65		0
1990-06-01	0.13276652	0.066	4.787210998	4.207480675	2.032165644	3.65	3.615184617	3.631745715			1.74		0
1990-07-01	0.131229	0.067	4.817985116	4.19944145	1.672165644	3.61	3.616668828	3.624287152			1.72		0
1990-08-01	0.12864379	0.068	4.836700572	4.196061453	1.682165644	3.3	3.610141039	3.54656513			1.66		0
1990-09-01	0.12803581	0.069	4.822540217	4.192526385	1.582165644	3.35	3.614523204	3.482720812			1.74		0
1990-10-01	0.11878481	0.07	4.831355658	4.193436307	1.582165644	3.71	3.617797137	3.483414534			2.02		-0.229417884
1990-11-01	0.11226645	0.072	4.826450443	4.189889923	1.782165644	3.33	3.627483166	3.481034053			2.23		0
1990-12-01	0.11293564	0.073	4.817591462	4.191188106	1.922165644	3.75	3.632454075	3.513567572			2.36		0
1991-01-01	0.11429774	0.075	4.82566962	4.190345239	1.852165644	4.01	3.635005394	3.484800536			2.36		0
1991-02-01	0.10942538	0.077	4.826450443	4.18944827	1.722165644	4.47	3.642227407	3.565086738			2.21		0.329031936
1991-03-01	0.10547318	0.079	4.813171914	4.190202337	1.582165644	3.98	3.646419597	3.648767763			1.98		0.382552366
1991-04-01	0.10423709	0.082	4.807142542	4.184345488	1.632165644	3.35	3.627682922	3.670693731			1.90		0.314817529
1991-05-01	0.10161557	0.084	4.800916468	4.189677977	1.492165644	2.5	3.628161782	3.659541659			1.80		-0.080415058
1991-06-01	0.10050644	0.085	4.784284404	4.186902048	1.352165644	2.22	3.623469069	3.655379496			1.68		0
1991-07-01	0.09946443	0.088	4.785342218	4.184899682	1.542165644	2.05	3.624584369	3.66343836			1.62		-0.152994376
1991-08-01	0.09831859	0.089	4.788995264	4.180803195	1.492165644	1.97	3.624854642	3.692792282			1.75		0
1991-09-01	0.09425278	0.09	4.792957907	4.181578287	1.502165644	2.21	3.628685409	3.709446717			1.86		0.124766526
1991-10-01	0.09435934	0.091	4.78729217	4.184134078	1.512165644	1.85	3.6216967	3.693434904			1.96		0
1991-11-01	0.0956656	0.091	4.792150479	4.183469126	1.632165644	1.76	3.625856104	3.664926702			2.04		0
1991-12-01	0.09803229	0.091	4.793603381	4.184238333	1.562165644	1.86	3.624930054	3.619802453			2.17		0
1992-01-01	0.09630971	0.093	4.78883319	4.185723716	1.482165644	1.99	3.625265758	3.658959998	0.158977556	1.787671194	2.10		0
1992-02-01	0.09259907	0.093	4.788752142	4.187724389	1.38352746	2.09	3.626462585	3.671843156	0.175609057	1.789616526	1.89		0
1992-03-01	0.09698206	0.093	4.780777489	4.182936726	1.286181626	1.35	3.623557351	3.655546315	0.181866013	1.792035983	1.71		0
1992-04-01	0.09587942	0.096	4.793200009	4.186666601	1.20493986	1.55	3.63239027	3.677162535	0.150945966	1.796834832	1.73		0
1992-05-01	0.0910712	0.096	4.808096968	4.175252996	1.474413131	1.83	3.633720845	3.744619785	0.191791899	1.798264235	1.74		-0.354187591
1992-06-01	0.09035325	0.098	4.808891628	4.185327437	1.622007155	1.69	3.638003672	3.705408227	0.15079296	1.798264235	1.79		0
1992-07-01	0.09214645	0.098	4.806824198	4.183176166	1.465678744	1.67	3.63839802	3.632428775	0.146060172	1.79635734	1.99		0
1992-08-01	0.09582247	0.098	4.802596536	4.186059905	1.566649192	1.37	3.645358711	3.582733456	0.122296729	1.79635734	2.07		0
1992-09-01	0.08918312	0.099	4.759890941	4.191677855	1.441248642	1.35	3.642300894	3.619802453	0.152508688	1.797788313	2.20		-0.503277196
1992-10-01	0.07072179	0.101	4.67849864	4.195098052	1.408495758	1.63	3.64201762	3.674056181	0.15952778	1.799214586	2.25		-0.559188719
1992-11-01	0.06225354	0.102	4.649857064	4.189332302	1.590844533	1.53	3.640211245	3.724817158	0.152535737	1.799688948	2.08		-0.54784522
1992-12-01	0.06505778	0.103	4.669772898	4.194591688	1.489483965	0.52	3.640820046	3.754791423	0.149139407	1.800162793	2.04		0
1993-01-01	0.06217856	0.104	4.674872162	4.195866991	1.583343744	0.18	3.64755094	3.775347515	0.129604879	1.797311799	2.07		-0.776855232
1993-02-01	0.05430029	0.104	4.624868728	4.203344653	1.386016529	0.41	3.643673471	3.799758579	0.149506136	1.800162793	2.13		0
1993-03-01	0.05484251	0.104	4.640124627	4.197796566	1.478345446	0.29	3.641338209	3.821470616	0.153313583	1.802524362	2.17		0
1993-04-01	0.05781235	0.102	4.669681603	4.202941361	1.517708353	0.12	3.645957215	3.80602052	0.154044125	1.807209388	2.17		0
1993-05-01	0.05796108	0.102	4.671141324	4.204404415	1.269629075	-0.15	3.645902641	3.808457099	0.203941207	1.809069325	2.18		0
1993-06-01	0.05588405	0.102	4.662534789	4.203099708	1.230093239	0.04	3.647158133	3.824644886	0.168286995	1.808605104	2.11		0
1993-07-01	0.05494708	0.101	4.681480614	4.210326483	1.31711093	0.38	3.644830016	3.820056589	0.143006223	1.807209388	2.13		0
1993-08-01	0.05311749	0.101	4.67849864	4.211116605	1.05307909	0.93	3.651398162	3.878589778	0.183729358	1.809069325	1.92		0
1993-09-01	0.05464774	0.101	4.675689267	4.215661573	1.13458311	1.04	3.64964969	3.88291778	0.135940166	1.81092133	1.98		0
1993-10-01	0.05286627	0.101	4.670958975	4.217132571	1.105671425	1.13	3.658097608	3.908952891	0.16354015	1.810459085	1.98		0
1993-11-01	0.0516788	0.101	4.677230868	4.222572042	1.180650957	1.12	3.657738924	3.902653965	0.126744042	1.80953305	1.94		-0.342136003
1993-12-01	0.04891104	0.1	4.685083248	4.22382759	1.107101514	1.47	3.656985891	3.96196338	0.178082098	1.810459085	1.91		0
1994-01-01	0.04952866	0.099	4.694300728	4.229531154	1.100814796	1.32	3.656833389	4.010785701	0.19387796	1.808605104	1.90		0
1994-02-01	0.04940956	0.098	4.678046048	4.22977629	1.351296711	0.93	3.654096313	4.010025355	0.193030955	1.81092133	1.79		-0.14182847
1994-03-01	0.05066922	0.096	4.671961482	4.234774374	1.378305072	0.27	3.655261046	3.956361124	0.172075761	1.812305119	1.65		0
1994-04-01	0.05416767	0.095	4.66611458	4.241502216	1.178700044	-0.15	3.65091509	3.932811518	0.203871217	1.815973944	1.55		0
1994-05-01	0.05501841	0.095	4.665289611	4.249247242	1.442656623	-0.59	3.648455504	3.918295442	0.178981307	1.817341819	1.44		0
1994-06-01	0.05688282	0.094	4.667945412	4.246429933	0.969208427	-1.02	3.657217141	3.87778871	0.235712184	1.817341819	1.55		0
1994-07-01	0.05789219	0.093	4.656354812	4.256925804	0.867437367	-0.84	3.661660761	3.89125447	0.20178213	1.814601814	1.51		0
1994-08-01	0.06373902	0.092	4.653946289	4.25866591	0.951931466	-0.96	3.665326068	3.938735407	0.245724676	1.816886361	1.50		0
1994-09-01	0.06723235	0.091	4.658572928	4.264082757	0.950337961	-1.14	3.674311743	3.914890691	0.224924063	1.817341819	1.52		0.563026172
1994-10-01	0.06794211	0.089	4.670229248	4.262954783	1.072692421	-0.67	3.675614897	3.890595361	0.213722447	1.816886361	1.46		0
1994-11-01	0.06630735	0.088	4.668859572	4.26460192	0.923330914	-0.53	3.683151359	3.901611144	0.231943639	1.817341819	1.36		0
1994-12-01	0.06904856	0.087	4.666755753	4.273125078	0.856848556	-0.46	3.688937077	3.881122269	0.210225382	1.819158954	1.29		0.592470407
1995-01-01	0.0704816	0.087	4.66244283	4.264736228	0.486156149	-0.52	3.695368211	3.880789412	0.26045516	1.819158954	1.30		0
1995-02-01	0.07139837	0.087	4.650322591	4.275390798	0.58925949	-0.33	3.688072129	3.883648362	0.260479548	1.821419716	1.38		0
1995-03-01	0.07033787	0.087	4.630011597	4.273096735	0.511271688	-0.23	3.698889346	3.886830123	0.266637502	1.824117239	1.50		0
1995-04-01	0.06944477	0.085	4.615274488	4.275110577	0.619640277	-0.08	3.708473414	3.923221403	0.219967034	1.826798046	1.54		0
1995-05-01	0.06883418	0.085	4.612958108	4.274515719	0.395937264	0.18	3.709010845	3.95320762	0.236036083	1.828576187	1.57		0.432400993
1995-06-01	0.06651405	0.085	4.612474853	4.27611957	1.135639618	0.24	3.710379692	3.970947397	0.240248855	1.828576187	1.73		0
1995-07-01	0.06690778	0.084	4.608503327	4.285010322	0.809165304	0.1	3.716166097	3.99332831	0.255279704	1.826352403	1.76		0
1995-08-01	0.06589247	0.085	4.619315286	4.284858792	0.70856686	0.24	3.714587292	4.015277468	0.219055548	1.828576187	1.70		0
1995-09-01	0.06389127	0.084	4.624582236	4.288930252	0.781791949	0.41	3.721436413	4.029838308	0.246254328	1.830788578	1.74		0
1995-10-01	0.06456313	0.084	4.618931151	4.288245377	0.631819896	-0.1	3.729009387	4.027828603	0.191858028	1.82946247	1.71		0
1995-11-01	0.06223506	0.082	4.608697426	4.292366018	0.635922897	0.18	3.731775623	4.03664125	0.262561828	1.829019555	1.75		0
1995-12-01	0.06018729	0.082	4.603638557	4.294576477	0.746144227	0.46	3.741565243	4.05252402	0.263049189	1.832110648	1.78		-0.392480695
1996-01-01	0.05952875	0.082	4.607726552	4.29479997	1.008633264	0.28	3.746553442	4.072180399	0.235123959	1.831229694	1.81		-0.250310991
1996-02-01	0.05890988	0.081	4.613730831	4.303636046	0.415572549	-0.26	3.751147605	4.083715309	0.203693251	1.833147112	1.82		0
1996-03-01	0.06065833	0.081	4.610539493	4.305205528	0.850498469	-0.6	3.757920647	4.081647731	0.21901092	1.835056102	1.77		-0.199898987
1996-04-01	0.06140603	0.081	4.612378174	4.302747216	0.865706005	-0.76	3.761537478	4.111957146	0.222402205	1.836956737	1.68		0
1996-05-01	0.06114803	0.081	4.621521205	4.309001832	0.823802277	-0.92	3.766852976	4.110635268	0.246713705	1.838219222	1.56		0
1996-06-01	0.05881001	0.08	4.637582372	4.304034263	0.889095042	-0.9	3.772120576	4.102720431	0.233395116	1.838849091	1.49		-0.091445599
1996-07-01	0.05737858	0.079	4.636639154	4.308197824	0.8985441	-0.77	3.781513371	4.086375102	0.236624557	1.836324116	1.49		0
1996-08-01	0.05755375	0.079	4.626204606	4.311904914	0.973206361	-0.83	3.788684425	4.115649133	0.217472603	1.838219222	1.54		0
1996-09-01	0.05824218	0.078	4.64115851	4.315770979	0.738387545	-0.89	3.79237164	4.13592133	0.218283419	1.840733235	1.51		0
1996-10-01	0.05977835	0.077	4.66492274	4.316048839	0.796558181	-0.62	3.799916756	4.15406972	0.245392116	1.840733235	1.54		0.178479202
1996-11-01	0.0646775	0.076	4.703610544	4.321103491	0.603860093	-0.68	3.811565168	4.142861696	0.218198819	1.840733235	1.58		0
1996-12-01	0.06442968	0.074	4.720760321	4.322660084	0.665614108	-0.56	3.805912642	4.155335447	0.226004133	1.841984805	1.59		0
1997-01-01	0.06388308	0.073	4.741112232	4.326361172	0.621723265	-0.56	3.823041767	4.187988159	0.262339671	1.840106094	1.52		0
1997-02-01	0.06199441	0.072	4.752690642	4.327561984	0.656342282	-0.2	3.831343364	4.218753882	0.228241768	1.84135947	1.52		0
1997-03-01	0.06329246	0.071	4.750335126	4.329645263	0.72669738	-0.45	3.83852037	4.226370353	0.206753528	1.841984805	1.49		0
1997-04-01	0.06516233	0.07	4.770182342	4.332601399	0.593663905	-0.64	3.842950098	4.212513537	0.20671784	1.843855423	1.45		0
1997-05-01	0.06498377	0.07	4.765713616	4.335243628	0.699371583	-0.17	3.857754967	4.264060061	0.223463289	1.84509804	1.49		0.324788487
1997-06-01	0.06662074	0.07	4.777422193	4.339275186	0.513842813	0.11	3.860718974	4.265783183	0.206868058	1.846337112	1.53	0.05833	0.323246241
1997-07-01	0.06911741	0.069	4.813646372	4.346695514	0.482519483	0.44	3.864326664	4.293794217	0.247543156	1.844477176	1.53	0.03484	0.540061751
1997-08-01	0.06965386	0.067	4.794167829	4.341317545	0.490017262	0.66	3.860859083	4.317477358	0.200352494	1.846955325	1.52	-0.04388	0.277734429
1997-09-01	0.06899683	0.065	4.777094243	4.350227013	0.488041454	1.18	3.863373314	4.33178742	0.21519088	1.848804701	1.50	-0.018	-0.226706063
1997-10-01	0.0692992	0.065	4.785342218	4.356817837	0.476160466	1.49	3.859186937	4.358982335	0.185337435	1.848804701	1.54	0.00742	-0.006774127
1997-11-01	0.07123011	0.064	4.814594614	4.355768882	0.565120499	1.38	3.872094433	4.304137474	0.163848772	1.848804701	1.54	0.03966	-0.262647501
1997-12-01	0.07000917	0.062	4.82574773	4.360305805	0.532275338	1.88	3.875395458	4.344598383	0.209700178	1.849419414	1.52	-0.04194	-0.512103857
1998-01-01	0.06805924	0.062	4.829801052	4.362329634	0.610457118	2.15	3.883662865	4.372225933	0.213534598	1.846955325	1.65	-0.01161	-0.126039557
1998-02-01	0.06750325	0.062	4.827386627	4.363947006	0.623214087	2.2	3.897571606	4.438834527	0.162635124	1.848189117	1.68	0.0125	0.017856965
1998-03-01	0.06779109	0.062	4.842938799	4.369479239	0.595562641	2.26	3.894294523	4.482198825	0.15002677	1.849419414	1.67	-0.01839	0.072464684
1998-04-01	0.06684642	0.062	4.846005111	4.371493261	0.657980446	2.43	3.901867961	4.503570708	0.160281888	1.851869601	1.69	0.002	0.048069511
1998-05-01	0.06695333	0.061	4.816567235	4.370540587	0.637768337	2.39	3.903231009	4.508914123	0.125928523	1.853698212	1.65	-0.01129	0.076148312
1998-06-01	0.07043131	0.061	4.835308998	4.376424836	0.708643173	2.48	3.907441631	4.494961407	0.119133486	1.85308953	1.64	0.192	0.380756032
1998-07-01	0.07186324	0.061	4.832675176	4.377712435	0.723287904	2.67	3.919518075	4.505176733	0.117540033	1.851258349	1.69	0.02839	0.195662484
1998-08-01	0.06925389	0.061	4.828010263	4.377478304	0.766467806	2.93	3.921010287	4.428684877	0.132075424	1.852479994	1.80	-0.06064	0.307651807
1998-09-01	0.06408516	0.061	4.820579355	4.385783808	1.002785569	3.35	3.930062301	4.34861009	0.095669064	1.854306042	2.28	-0.01667	0.221027211
1998-10-01	0.05956228	0.06	4.795939736	4.388411048	1.381107655	3.49	3.93313351	4.323354302	0.108777585	1.854306042	2.65	-0.01097	-0.040244021
1998-11-01	0.0582365	0.06	4.791988915	4.392112279	1.201922013	3.32	3.932313877	4.418431155	0.095278016	1.854913022	2.51	-0.03967	-0.27240612
1998-12-01	0.05319742	0.061	4.790209987	4.393944	1.158153352	3.23	3.934693261	4.427991717	0.142536678	1.856124444	2.58	-0.01935	-0.36919077
1999-01-01	0.04973235	0.061	4.780940874	4.393398606	1.169584191	2.96	3.942322899	4.472997711	0.082263713	1.853698212	2.57	-0.05484	0.11062706
1999-02-01	0.04845384	0.06	4.791261554	4.396272051	1.071437167	2.57	3.94953153	4.488419175	0.083121751	1.854306042	2.39	-0.20535	-0.129190321
1999-03-01	0.04825627	0.061	4.810003092	4.399555287	1.012877125	1.84	3.946747525	4.518496093	0.090269823	1.85672889	2.30	0.08613	0.306041906
1999-04-01	0.04835004	0.06	4.812538952	4.395105097	1.081791617	1.91	3.957907363	4.564840149	0.09537117	1.858537198	2.29	-0.02834	0.085666473
1999-05-01	0.0489136	0.06	4.820814862	4.409383466	1.077302613	1.34	3.958932423	4.551038428	0.134274417	1.859738566	2.18	-0.01484	0.149434269
1999-06-01	0.04872072	0.059	4.823166882	4.410331081	1.144789628	0.83	3.968682669	4.566786785	0.088042994	1.859138297	2.12	-0.033	-0.159709833
1999-07-01	0.0491973	0.059	4.810479056	4.412101256	1.156489927	0.63	3.969442851	4.572970683	0.083256961	1.85672889	2.16	-0.00064	0.253807737
1999-08-01	0.05263466	0.058	4.811430305	4.420156153	1.15271494	0.69	3.979957826	4.545915991	0.115503553	1.857935265	2.22	0.02	-0.317434256
1999-09-01	0.05548718	0.057	4.824027905	4.418892257	1.11530182	0.3	3.984798998	4.532022329	0.124524825	1.859738566	2.29	0.17333	-0.039953763
1999-10-01	0.05865655	0.058	4.831510986	4.423590696	1.133513579	0.34	3.98987582	4.516453048	0.126442061	1.859138297	2.27	0.00839	-0.180486632
1999-11-01	0.05818314	0.057	4.831976824	4.432188178	1.160009792	0.92	4.002518288	4.580738099	0.116637527	1.859738566	2.12	-0.04	0.176719043
1999-12-01	0.0609372	0.058	4.83870721	4.427648714	1.176262484	1.15	4.010285554	4.620412724	0.121451939	1.860936621	1.91	-0.03516	-0.01359321
2000-01-01	0.06315015	0.057	4.853630005	4.437560989	1.21970369	0.71	4.018036592	4.596419806	0.123478812	1.85672889	1.67	-0.03226	0.435910025
2000-02-01	0.06252417	0.057	4.852337867	4.441643755	1.25722332	1.13	4.024438579	4.554880075	0.112522302	1.858537198	1.77	-0.00828	0.315029635
2000-03-01	0.06208992	0.056	4.850129773	4.439698579	1.275272807	1.62	4.046860273	4.61384466	0.14327303	1.859138297	2.11	0.00226	0.042982437
2000-04-01	0.06183833	0.056	4.863456236	4.444277065	1.3773967	1.67	4.053984158	4.572704061	0.102302703	1.860936621	2.41	-0.03333	0.046165388
2000-05-01	0.06161541	0.055	4.84531601	4.450263528	1.501350127	1.6	4.069306709	4.559011193	0.115715503	1.862131379	2.46	-0.02774	-0.181180305
2000-06-01	0.06028678	0.053	4.814357638	4.452419493	1.57895948	1.9	4.069764332	4.597753508	0.145112285	1.862727528	2.39	0	-0.185716688
2000-07-01	0.05940529	0.052	4.822305117	4.448617804	1.551895109	1.81	4.075425348	4.600836975	0.066849645	1.860338007	2.29	0.01677	-0.261832281
2000-08-01	0.06000278	0.052	4.835308998	4.46091037	1.456624093	1.72	4.092018944	4.610159172	0.110442901	1.860338007	2.43	-0.05097	-0.145412902
2000-09-01	0.05932377	0.053	4.821599483	4.451345291	1.349645058	1.65	4.08688351	4.609484701	0.098920359	1.863917377	2.55	-0.046	-0.036197463
2000-10-01	0.05792637	0.052	4.848451408	4.456297878	1.298302349	1.72	4.095088455	4.577956732	0.123571417	1.863917377	2.60	-0.00258	0.049663871
2000-11-01	0.05590764	0.051	4.832132056	4.459801829	1.258993574	1.86	4.101686945	4.589298386	0.114023922	1.864511081	2.56	-0.00367	0.110099619
2000-12-01	0.05358036	0.051	4.829178533	4.458685127	1.32426414	2.08	4.115356894	4.569231487	0.141169838	1.864511081	2.78	-0.00516	-0.003652202
2001-01-01	0.05213294	0.051	4.814278633	4.46872709	1.331308094	2.16	4.122803891	4.565914623	0.140128404	1.860936621	2.77	0.02033	-0.015797178
2001-02-01	0.05176354	0.05	4.809606283	4.467778288	1.318241586	1.9	4.130365289	4.557658608	0.117548932	1.861534411	2.77	0.03643	-0.09144615
2001-03-01	0.04964817	0.049	4.818063828	4.472679933	1.350959033	2.01	4.145319352	4.489180417	0.102209623	1.86332286	2.96	0.01677	0.066849227
2001-04-01	0.04893191	0.048	4.82566962	4.469469897	1.296559891	1.52	4.140085791	4.49348321	0.082992351	1.86569606	2.93	0	-0.225208646
2001-05-01	0.04956662	0.049	4.830500924	4.474288343	1.220471022	1.11	4.139624738	4.518531282	0.082028134	1.86923172	2.68	0.03032	-0.398978687
2001-06-01	0.05185993	0.05	4.83018993	4.472261719	1.170901969	1.01	4.153384069	4.49877299	0.083706954	1.869818208	2.69	0.01	0.014654095
2001-07-01	0.05166693	0.05	4.835618404	4.472691495	1.16143832	1.02	4.160220495	4.445064603	0.096102526	1.866877814	2.73	-0.01742	-0.035725429
2001-08-01	0.04801325	0.05	4.819007893	4.481210974	1.071919047	0.98	4.169670968	4.442220299	0.025030308	1.868644438	2.88	-0.23097	-0.021251108
2001-09-01	0.04435775	0.05	4.828867127	4.475725586	1.217493036	0.75	4.172686368	4.331278342	0.088115554	1.869818208	3.30	0.007	-0.053811629
2001-10-01	0.04195877	0.05	4.826684571	4.47846201	1.25730071	0.67	4.17979921	4.357371331	0.076515646	1.868644438	3.34	-0.01548	-0.136188225
2001-11-01	0.0386733	0.051	4.828789261	4.480344003	1.19555617	0.38	4.184532049	4.399467473	0.075261403	1.868056362	3.16	-0.09933	-0.404960665
2001-12-01	0.0414153	0.052	4.830578657	4.481014207	1.158236292	0.11	4.186142825	4.39338456	0.032399366	1.86923172	2.97	0.02678	0.171503876
2002-01-01	0.04258253	0.051	4.835773071	4.48491693	1.111183112	0.06	4.190739236	4.395734643	0.076173549	1.867467488	2.83	-0.00065	0.176200595
2002-02-01	0.04280631	0.051	4.839631994	4.48606418	1.087708356	0.07	4.19453639	4.380702794	0.056205271	1.868056362	2.98	0.00893	0.089120597
2002-03-01	0.04497335	0.052	4.832830299	4.492433332	1.023995503	-0.19	4.202216388	4.40763884	0.057588604	1.869818208	2.82	0.0071	0.203225687
2002-04-01	0.04468153	0.052	4.838552996	4.495130324	0.989627996	-0.19	4.202018177	4.40271243	0.043153416	1.871572936	2.82	-0.016	-0.054324151
2002-05-01	0.04457976	0.051	4.821991563	4.500741056	1.03940286	-0.22	4.213648004	4.395973326	0.116081421	1.872738827	2.92	0.02097	-0.117271668
2002-06-01	0.04427748	0.051	4.805868555	4.477473798	1.035510243	-0.07	4.220843052	4.310959583	0.073947568	1.872738827	3.02	-0.02267	-0.117271668
2002-07-01	0.04123533	0.051	4.822305117	4.503532489	1.200277733	0.03	4.22234725	4.19720122	0.016433627	1.871572936	3.24	-0.02064	-0.128463089
2002-08-01	0.03782918	0.052	4.823166882	4.492350933	1.264876455	0.28	4.230066004	4.194480262	0.003076063	1.872738827	3.32	0.00903	0.000670138
2002-09-01	0.03668607	0.052	4.834070416	4.497599946	1.281208488	0.58	4.246651053	4.124924228	0.055690453	1.873901598	3.53	0	0.087294734
2002-10-01	0.03668833	0.051	4.837395633	4.499369533	1.432380931	0.49	4.253321881	4.117332369	0.020758814	1.874481818	3.79	0.0142	-0.017090403
2002-11-01	0.03756184	0.051	4.829801052	4.501282042	1.32556978	0.47	4.261368398	4.152041219	-0.017861729	1.874481818	3.57	0.136	-0.278501009
2002-12-01	0.0377135	0.05	4.826762602	4.509418385	1.281229324	0.56	4.260776933	4.116175449	0.038327891	1.876217841	3.42	0.04419	-0.310517886
2003-01-01	0.03646872	0.051	4.813567312	4.501648007	1.281741395	0.73	4.264458304	4.076952631	0.057726487	1.873320602	3.30	0.00742	-0.466391125
2003-02-01	0.03339875	0.051	4.79907315	4.516546396	1.296345971	0.7	4.273600617	4.03675519	0.063160307	1.875061263	3.15	-0.19428	-0.030310336
2003-03-01	0.03309482	0.05	4.781512513	4.511626769	1.262636798	0.6	4.27562068	4.032301857	-0.022630724	1.876794976	3.14	-0.04516	0.328361458
2003-04-01	0.03359681	0.049	4.774137848	4.517288336	1.191307243	0.46	4.289147669	4.091134183	0.078810735	1.877946952	2.89	0.00333	-0.019164741
2003-05-01	0.03298	0.049	4.755459681	4.514843312	1.104667572	0.69	4.299420721	4.133079905	0.009658038	1.877946952	2.81	0.02902	-0.20521346
2003-06-01	0.03269286	0.05	4.773479683	4.523897604	1.010089971	0.81	4.305361869	4.1717453	-0.068420403	1.877371346	2.86	0.008	-0.209749842
2003-07-01	0.03258555	0.05	4.769273664	4.525083402	0.92028246	0.29	4.31159417	4.168604641	0.029166309	1.876794976	2.64	-0.04645	-0.298998921
2003-08-01	0.03621376	0.05	4.765464767	4.524163583	0.872648544	0.08	4.313137936	4.198607383	0.038309726	1.878521796	2.57	-0.0529	0.246028009
2003-09-01	0.0377762	0.049	4.767371029	4.529511143	0.813071932	-0.02	4.320493726	4.215281243	-0.035357172	1.880241776	2.52	-0.036	0.136812571
2003-10-01	0.04021795	0.049	4.774384548	4.534287103	0.765949731	-0.24	4.333466315	4.227830242	0.019909441	1.880813592	2.44	-0.01742	-0.147432049
2003-11-01	0.04202557	0.049	4.781512513	4.529697189	0.751455027	-0.23	4.343394196	4.239898305	0.002660256	1.880241776	2.36	-0.024	0.183658445
2003-12-01	0.04105231	0.048	4.78143087	4.543685766	0.742212769	0.01	4.352649408	4.248278566	0.008650509	1.881954971	2.33	-0.00193	0.020826686
2004-01-01	0.04100751	0.047	4.802436651	4.543206564	0.749642794	0.09	4.365571554	4.270258475	-0.049232847	1.879669206	2.29	-0.03097	-0.03667552
2004-02-01	0.04147353	0.047	4.82574773	4.541828808	0.778389746	0.28	4.368921912	4.270483969	-0.020109104	1.880813592	2.18	0.0269	-0.114859149
2004-03-01	0.04238463	0.047	4.826450443	4.551337018	0.811193417	0.31	4.375389038	4.272736121	-0.01217141	1.881384657	2.29	-0.01226	-0.305171403
2004-04-01	0.04427469	0.047	4.827230657	4.546813925	0.815130967	0.06	4.383980797	4.286543002	-0.051496974	1.883093359	2.11	-0.04034	-0.226606897
2004-05-01	0.04650416	0.047	4.822069961	4.550260069	0.859768672	0.09	4.3868399	4.267277174	-0.049734759	1.88422877	2.03	0.04	0.047413115
2004-06-01	0.04878555	0.047	4.834302767	4.555121863	0.856780629	0.32	4.396658776	4.274848529	-0.073635215	1.88422877	2.05	0.02467	0.052493142
2004-07-01	0.04824308	0.046	4.834999497	4.549217335	0.888252942	0.43	4.407678344	4.250949163	-0.067373004	1.883093359	2.12	-0.00452	-0.272953769
2004-08-01	0.04808564	0.046	4.82808819	4.554578016	0.835218252	0.36	4.41811681	4.251316962	-0.0510398	1.88422877	2.18	-0.04193	0.039348286
2004-09-01	0.04707526	0.046	4.810399745	4.551563649	0.805576591	0.52	4.424462949	4.291809783	-0.023128657	1.884795364	2.14	-0.01067	-0.178091193
2004-10-01	0.04566589	0.047	4.79987501	4.55765393	0.790953922	0.65	4.431135727	4.309399385	-0.084591448	1.88592634	2.11	-0.00807	-0.108784907
2004-11-01	0.04540753	0.047	4.7954568	4.562482344	0.764921099	0.74	4.436347616	4.332508171	-0.040527661	1.886490725	2.01	-0.051	0.284623177
2004-12-01	0.04465965	0.047	4.808812191	4.560328826	0.756278567	0.9	4.447160448	4.33796054	-0.038856456	1.888740961	1.92	-0.03	0.284623177
2005-01-01	0.04473848	0.047	4.797226427	4.562537297	0.743939239	0.85	4.455676217	4.358899783	-0.036773336	1.886490725	1.80	-0.00258	0.224982494
2005-02-01	0.04613252	0.046	4.808494377	4.566796604	0.65045381	0.78	4.457808572	4.394221663	-0.020046167	1.8876173	1.65	-0.03929	-0.114779913
2005-03-01	0.04761366	0.046	4.807699402	4.560487089	0.653291098	0.58	4.464445884	4.386903241	-0.059762425	1.889301703	1.56	-0.0729	-0.228885002
2005-04-01	0.04621358	0.047	4.817748942	4.569499367	0.796377539	0.76	4.468168027	4.370676935	-0.086418378	1.890979597	1.71	-0.004	-0.247894585
2005-05-01	0.04469497	0.047	4.810399745	4.568587837	0.888856266	0.94	4.477876519	4.372877425	-0.037405351	1.892651034	1.86	-0.03968	0.030694895
2005-06-01	0.04369172	0.046	4.821521049	4.5734654	0.820167547	1.09	4.482728597	4.401921947	-0.003253945	1.892651034	1.86	-0.026	0.003214401
2005-07-01	0.04184109	0.046	4.794409637	4.575983132	0.779301822	1.06	4.489496753	4.435399016	-0.037867717	1.893206753	1.78	0.03742	-0.17842356
2005-08-01	0.04268339	0.046	4.801796856	4.575565671	0.73489549	0.87	4.493800132	4.453023456	-0.054587225	1.894316063	1.70	0.04516	-0.266645445
2005-09-01	0.04228497	0.049	4.812459804	4.578507529	0.737460671	0.97	4.504715159	4.469419098	-0.016961898	1.895422546	1.83	-0.00033	0.119506843
2005-10-01	0.04263252	0.05	4.804273786	4.577730743	0.750588915	0.85	4.512906333	4.449636428	0.00506895	1.895974732	1.83	-0.00516	0.176771964
2005-11-01	0.0433528	0.051	4.804034351	4.586989128	0.754963567	0.87	4.517673431	4.483693784	-0.046692532	1.895974732	1.86	-0.012	0.25129818
2005-12-01	0.042903	0.051	4.804592943	4.586750769	0.744543252	1.07	4.537595843	4.505747143	-0.001773873	1.897077003	1.85	-0.01613	0.201226843
2006-01-01	0.04253143	0.051	4.797146058	4.592808796	0.751381381	1.15	4.53251792	4.537596075	0.006057088	1.894869657	1.82	-0.00226	0.052807582
2006-02-01	0.04269886	0.052	4.798591725	4.592367237	0.734833832	1.1	4.541645588	4.55860561	-0.00911155	1.896526217	1.70	0.015	-0.047716679
2006-03-01	0.04377363	0.053	4.79174652	4.59668142	0.727457587	0.89	4.557860544	4.582290971	0.054711505	1.897077003	1.69	0.02387	0.066035142
2006-04-01	0.04452934	0.054	4.788671089	4.593616283	0.732789931	0.71	4.57301628	4.601614454	0.043820271	1.899820502	1.69	0.011	-0.018752358
2006-05-01	0.04638345	0.054	4.811984782	4.598864608	0.761223926	0.6	4.582615563	4.567155547	0.061023344	1.902546779	1.64	-0.00516	-0.037465262
2006-06-01	0.04677648	0.054	4.806664987	4.598423519	0.79370148	0.49	4.597751479	4.533132631	0.008342693	1.903632516	1.67	-0.003	0.02167884
2006-07-01	0.04687917	0.054	4.806505752	4.598163923	0.841143791	0.5	4.609560229	4.559653031	-0.064466655	1.903089987	1.67	0	-0.049449864
2006-08-01	0.04886118	0.054	4.825982023	4.603213184	0.824464135	0.68	4.61428855	4.56779218	-0.044916959	1.905256049	1.71	0.14227	0.069228792
2006-09-01	0.04928783	0.054	4.827464603	4.604547008	0.841420372	0.87	4.619749897	4.576297477	-0.051147904	1.90579588	1.71	0	-0.17569118
2006-10-01	0.05026578	0.054	4.82987884	4.60748517	0.822759973	0.78	4.621232681	4.613044622	-0.06919213	1.906335042	1.70	-0.05451	-0.154617177
2006-11-01	0.05047948	0.054	4.83166629	4.612925635	0.778939955	1.01	4.634634873	4.627442964	-0.05879943	1.907411361	1.61	-0.03866	0.244131168
2006-12-01	0.05108693	0.054	4.839863057	4.609397645	0.775649753	1.01	4.639813628	4.633953956	-0.069753853	1.910090546	1.65	-0.02032	-0.000788805
2007-01-01	0.05372868	0.055	4.852185741	4.610159313	0.780815299	0.86	4.653721609	4.646199961	-0.086383724	1.906335042	1.58	0.11516	0.248657945
2007-02-01	0.05424717	0.055	4.847229007	4.621882963	0.738437941	0.96	4.657603219	4.667344342	-0.104187229	1.908485019	1.55	0.02107	-0.017536915
2007-03-01	0.05365775	0.055	4.831355658	4.627283368	0.748187445	1.06	4.659414324	4.644929372	-0.049455481	1.910624405	1.70	-0.03742	-0.131642005
2007-04-01	0.05522008	0.054	4.838321631	4.618141755	0.768500481	0.88	4.666615551	4.682242364	-0.069966694	1.911690159	1.70	-0.04167	-0.162379383
2007-05-01	0.05649355	0.053	4.835541062	4.633261256	0.808806924	0.88	4.672490441	4.702177365	-0.071550847	1.912753304	1.64	0.01097	0.086692855
2007-06-01	0.0578982	0.052	4.842554848	4.625554612	0.815828732	0.66	4.67328192	4.700888026	-0.073137035	1.913813852	1.59	-0.011	-0.130746624
2007-07-01	0.05826072	0.053	4.848527758	4.629713269	0.984876053	0.81	4.686772334	4.69468185	-0.072875339	1.911157609	1.65	0.01064	0.086988637
2007-08-01	0.05670582	0.052	4.840786773	4.635570535	1.196891193	1.17	4.701313529	4.635019353	-0.072275592	1.912753304	1.98	-0.01484	-0.06257104
2007-09-01	0.05397998	0.052	4.828477735	4.626307489	1.430502571	1.25	4.70827558	4.658328411	-0.071343892	1.913283902	2.07	-0.02766	-0.007963321
2007-10-01	0.05326488	0.051	4.822305117	4.63501928	1.343626224	1.35	4.710177483	4.695006348	-0.076093833	1.915399835	1.95	0.03032	0.101868112
2007-11-01	0.05051887	0.05	4.810716953	4.632641588	1.559058814	1.66	4.709500816	4.65018717	-0.109225886	1.916453949	2.25	-0.01067	0.065038688
2007-12-01	0.04873824	0.05	4.794731958	4.632675788	1.703982532	1.51	4.712787976	4.657961181	-0.081662945	1.919078092	2.55	0.00774	-0.271585908
2008-01-01	0.04600002	0.051	4.75855527	4.637418427	1.83189699	1.75	4.720679661	4.594986534	-0.041999257	1.915927212	2.80	0.02774	-0.0324757
2008-02-01	0.04502808	0.051	4.752354479	4.643944788	2.082126158	1.36	4.724954826	4.580341234	-0.025647024	1.919078092	3.09	0.06862	-0.364220404
2008-03-01	0.04341998	0.052	4.73197507	4.633432909	2.52534731	1.6	4.730912519	4.541970942	-0.069770139	1.921166051	3.38	0.0329	-0.119300431
2008-04-01	0.04435398	0.051	4.711697078	4.640579238	2.54380553	1.36	4.733273994	4.591557904	-0.081679695	1.924279286	3.29	-0.00184	-0.248687346
2008-05-01	0.04782115	0.053	4.713446401	4.634464627	2.331203166	1.3	4.731457819	4.621524382	-0.068149416	1.927370363	3.05	0.00516	-0.02901027
2008-06-01	0.0523777	0.054	4.715541557	4.631074145	2.380390836	1.1	4.735006302	4.552706087	-0.030415229	1.930439595	2.97	0.00766	0.117111696
2008-07-01	0.05057187	0.057	4.717719353	4.623884241	2.617946067	1.21	4.731931316	4.477077175	-0.033843946	1.92992956	3.15	0.01145	0.161785013
2008-08-01	0.04869263	0.058	4.706870602	4.63017228	2.666657336	1.47	4.72728322	4.497623854	-0.076085333	1.932980822	3.26	-0.13515	0.280827295
2008-09-01	0.04470979	0.059	4.689210295	4.62587333	3.285142081	1.55	4.723985854	4.454637661	-0.027802253	1.935003151	3.63	-0.05099	0.21058922
2008-10-01	0.03414315	0.061	4.687238615	4.610189831	4.415697066	2.46	4.752878547	4.245369641	-0.035727642	1.933993164	5.06	0	-0.287834946
2008-11-01	0.02094007	0.063	4.622383067	4.608282843	4.843924489	1.52	4.760309057	4.221078085	-0.003479447	1.933487288	5.69	-0.41317	-0.542571228
2008-12-01	0.01190868	0.064	4.553848186	4.599393665	5.08063019	1.3	4.745719114	4.22961688	-0.014242884	1.931966115	6.01	0.06032	-0.009370907
2009-01-01	0.00925873	0.067	4.530617856	4.588523766	5.488299741	0.84	4.751543906	4.236918232	-0.040783721	1.92890769	5.63	0.07258	0.599076452
2009-02-01	0.00870671	0.071	4.558960671	4.582390267	5.718132232	0.62	4.75704424	4.190042854	-0.022097437	1.932473765	5.21	-0.00607	0.777935708
2009-03-01	0.0073724	0.073	4.533237441	4.574424481	6.481943936	0.75	4.764339671	4.116964403	0.006417309	1.933487288	5.60	0.03597	123456789
2009-04-01	0.00784813	0.075	4.556714397	4.577865921	6.19603097	0.42	4.748298116	4.199866402	-0.057724198	1.934498451	5.46	0.018	123456789
2009-05-01	0.00668094	0.077	4.575147165	4.567775403	5.664665368	0.35	4.747720561	4.282006435	-0.045185225	1.936513742	4.77	-0.03194	123456789
2009-06-01	0.00789266	0.078	4.614695896	4.578228531	4.847341252	0.05	4.737760531	4.271745799	-0.051611542	1.938019097	3.77	-0.026	123456789
2009-07-01	0.00742893	0.078	4.610055068	4.572390096	4.276829333	-0.01	4.725099235	4.277538751	-0.025905816	1.938019097	3.53	-0.01484	123456789
2009-08-01	0.00652792	0.078	4.608600381	4.566825701	3.405348112	0.14	4.720189512	4.365605557	-0.008646147	1.939519253	2.99	-0.13354	123456789
2009-09-01	0.00596254	0.078	4.5785533	4.575415738	3.095006821	0.24	4.722320213	4.424286722	-0.045296363	1.940018155	2.91	-0.01867	123456789
2009-10-01	0.00660552	0.077	4.553745669	4.571432522	2.769109069	0.29	4.715382498	4.448882195	-0.038757381	1.940516485	2.90	-0.00129	123456789
2009-11-01	0.00654286	0.077	4.573138124	4.575839681	2.578169913	0.13	4.713666169	4.460136394	-0.031214433	1.942008053	2.92	0.01633	123456789
2009-12-01	0.00662349	0.076	4.5669855	4.576624986	2.425655919	0.03	4.70802431	4.470305721	-0.061968467	1.944482672	2.78	-0.00097	123456789
2010-01-01	0.00694075	0.079	4.577452584	4.571220157	2.189713006	-0.4	4.69852263	4.492038958	-0.078011219	1.943494516	2.51	0.01097	123456789
2010-02-01	0.00686486	0.08	4.572836419	4.579526555	2.186349909	-0.36	4.696082742	4.459651328	-0.011059304	1.945468585	2.65	-0.02071	123456789
2010-03-01	0.00698958	0.079	4.539496589	4.58844511	2.035363222	-0.33	4.695729025	4.530354562	-0.094985744	1.94792362	2.55	-0.01936	123456789
2010-04-01	0.00700869	0.078	4.565973251	4.583467008	1.974691877	-0.31	4.688284011	4.552297938	-0.043760276	1.950364854	2.41	0	123456789
2010-05-01	0.00646488	0.078	4.568905953	4.596515455	2.33779744	-0.07	4.692023804	4.465382429	-0.06477516	1.951337519	2.63	-0.04645	123456789
2010-06-01	0.00614317	0.077	4.595117031	4.592758385	2.669751104	0.12	4.690547792	4.449824898	-0.041556271	1.951823035	3.03	-0.03133	123456789
2010-07-01	0.00637948	0.077	4.595117031	4.596759582	2.663755454	0.21	4.686252917	4.454112392	-0.081326723	1.950851459	3.00	-0.00323	123456789
2010-08-01	0.00607335	0.076	4.609570407	4.595448677	2.474363387	0.34	4.68378271	4.475939539	-0.037247996	1.953276337	2.96	-0.02032	123456789
2010-09-01	0.00600235	0.078	4.590977054	4.594851124	2.40088907	0.43	4.682187184	4.520148609	-0.028282391	1.953276337	3.01	-0.00266	123456789
2010-10-01	0.00594506	0.078	4.563438139	4.597977755	2.308403933	0.42	4.678106147	4.552468021	-0.024029496	1.954242509	3.18	0.0029	123456789
2010-11-01	0.00641661	0.078	4.583242757	4.599017797	2.265061298	0.19	4.677665223	4.559855631	-0.023861285	1.95568775	3.16	0.014	123456789
2010-12-01	0.00699056	0.078	4.579852585	4.594851124	2.358098199	-0.1	4.663669174	4.585850163	-0.066758126	1.959994838	2.81	0.00645	123456789
2011-01-01	0.00789582	0.078	4.581648814	4.605235434	2.365302817	-0.23	4.65637483	4.605041108	0.007788371	1.960470778	2.69	0	123456789
2011-02-01	0.00935723	0.077	4.58870264	4.599017797	2.235759941	-0.35	4.65705466	4.61250023	0.010520486	1.963787827	2.57	-0.00714	123456789
2011-03-01	0.00881591	0.077	4.571930759	4.602131448	2.186424321	-0.27	4.656219459	4.586672248	-0.015832172	1.964730921	2.62	-0.02774	123456789
2011-04-01	0.00843348	0.078	4.561507146	4.603167181	2.139821888	-0.32	4.64935052	4.610801103	-0.018316736	1.969415912	2.57	-0.022	123456789
2011-05-01	0.00718735	0.079	4.562422291	4.602131448	2.180713032	-0.14	4.646383837	4.603264593	0.028819019	1.970346876	2.61	-0.00452	123456789
2011-06-01	0.00664288	0.08	4.551282108	4.604201842	2.387853359	-0.28	4.64869516	4.580440465	-0.023164508	1.969881644	2.75	0	123456789
2011-07-01	0.00626252	0.082	4.548709428	4.606267958	2.494626389	-0.23	4.64200706	4.598241004	-0.024643878	1.969881644	2.76	0	123456789
2011-08-01	0.00573452	0.083	4.557327518	4.607299418	3.011260179	0.3	4.640823329	4.481176591	0.024894824	1.972202838	3.06	0	123456789
2011-09-01	0.0054676	0.083	4.555998614	4.608329815	3.547500467	0.74	4.640634004	4.471523546	-0.030005271	1.974971994	3.30	0.01533	123456789
2011-10-01	0.00568703	0.084	4.558756673	4.610387429	3.650302171	0.74	4.636675927	4.500243394	0.014452002	1.975431809	3.22	-0.01162	123456789
2011-11-01	0.00510116	0.083	4.571024277	4.609359151	3.663867342	1.01	4.64030014	4.497947182	-0.009921906	1.975891136	3.12	0.00566	123456789
2011-12-01	0.00403607	0.083	4.578653305	4.612440817	3.759805914	1.2	4.637550032	4.508736469	0.028105827	1.978180517	3.27	0.00129	123456789
2012-01-01	0.00433183	0.082	4.584138235	4.614489998	3.768851273	1.46	4.634622767	4.548958468	-0.013974488	1.975891136	3.26	0	123456789
2012-02-01	0.00439114	0.082	4.584436549	4.614489998	3.451201962	1.28	4.632691641	4.588380022	-0.046239712	1.978180517	3.17	0.00724	123456789
2012-03-01	0.00453179	0.081	4.589692152	4.614489998	3.112123664	1.25	4.632813753	4.589462291	-0.015244801	1.979548375	3.06	0.00323	123456789
2012-04-01	0.00444128	0.08	4.603345917	4.612440817	3.341427864	1.39	4.632449804	4.565176046	-0.097703768	1.982271233	3.14	0.00866	123456789
2012-05-01	0.00389612	0.079	4.618162438	4.615513016	3.486478033	1.66	4.632725229	4.517122781	0.010835097	1.981818607	3.27	-0.00355	123456789
2012-06-01	0.00320598	0.08	4.609861232	4.612440817	3.550252552	1.88	4.632884484	4.518847921	-0.047823349	1.980003372	3.40	0.003	123456789
2012-07-01	0.00252503	0.078	4.623817857	4.628717881	3.16649512	1.97	4.627474455	4.547318731	0.025478141	1.980457892	3.35	0.02839	123456789
2012-08-01	0.00222467	0.078	4.623531063	4.625686044	2.919769664	1.97	4.623115674	4.5761314	-0.066220608	1.982723388	3.23	0.01355	123456789
2012-09-01	0.00269798	0.078	4.622000109	4.620612467	2.678512479	1.87	4.619500678	4.582224941	-0.028647314	1.984527313	3.12	0.00033	123456789
2012-10-01	0.00294771	0.078	4.614888797	4.622644988	2.401141584	1.87	4.614158993	4.587986179	-0.033134691	1.986771734	2.84	0.00903	123456789
2012-11-01	0.00315501	0.077	4.615563659	4.622644988	2.269966801	1.89	4.607362101	4.580738099	-0.076672814	1.987666265	2.86	0.003	123456789
2012-12-01	0.00340335	0.077	4.612958108	4.623659701	2.152484252	1.81	4.605170186	4.605170186	-0.028991829	1.989449818	2.91	-0.01032	123456789
2013-01-01	0.00319919	0.079	4.595608745	4.624673386	2.055456281	1.49	4.604853634	4.646509616	0.010343858	1.98721923	2.82	-0.00161	123456789
2013-02-01	0.00255958	0.078	4.565162714	4.629726454	2.152838203	1.41	4.604464614	4.674505034	-0.044863643	1.990338855	2.86	-0.00572	123456789
2013-03-01	0.00154492	0.077	4.560387496	4.631740553	2.098385352	1.58	4.599901755	4.695507638	-0.037636715	1.991669007	2.90	0.01129	123456789
2013-04-01	0.00194288	0.077	4.574544877	4.628717881	2.03090364	1.77	4.599246084	4.683854257	-0.052680957	1.992553518	2.83	0.013	123456789
2013-05-01	0.00267647	0.077	4.5785533	4.633750604	1.756102381	1.6	4.593766062	4.727763821	-0.058016546	1.99343623	2.80	0.00678	123456789
2013-06-01	0.0032723	0.077	4.579852585	4.637758625	1.961295059	1.25	4.594625184	4.676429962	0.034996808	1.992553518	2.89	0.013	123456789
2013-07-01	0.00271642	0.077	4.567693464	4.639756628	1.926810285	0.81	4.593370758	4.713388735	-0.070995278	1.992553518	2.74	-0.04323	123456789
2013-08-01	0.00291456	0.076	4.575247511	4.639756628	1.737582547	0.55	4.594676195	4.717780663	-0.072840048	1.994317153	2.69	0.01516	123456789
2013-09-01	0.00331661	0.074	4.595707059	4.645726795	1.71661787	0.35	4.591083702	4.723616277	-0.065515921	1.996073654	2.66	-0.009	123456789
2013-10-01	0.00326494	0.071	4.593935928	4.642746167	1.581490716	0.46	4.594349574	4.727678183	-0.095486891	1.996073654	2.69	-0.00129	123456789
2013-11-01	0.00331302	0.072	4.604223581	4.645726795	1.536199479	0.27	4.59278016	4.744801647	-0.06787344	1.996511672	2.67	-0.008	123456789
2013-12-01	0.0037035	0.071	4.61344113	4.651661531	1.418693458	-0.03	4.590422706	4.73098416	-0.029425362	1.998259338	2.48	-0.00226	123456789
2014-01-01	0.0036415	0.069	4.624009006	4.649687196	1.384898888	0.05	4.585909886	4.754464368	-0.111149905	1.995635195	2.33	-0.00742	123456789
2014-02-01	0.00353015	0.067	4.626204606	4.655598543	1.453462627	0.02	4.588169616	4.753463339	-0.076775719	1.997823081	2.39	0.00321	123456789
2014-03-01	0.00348625	0.066	4.621617004	4.657561253	1.408456364	0.03	4.58342082	4.747519992	0.003324358	1.998695158	2.34	0.00452	123456789
2014-04-01	0.00376219	0.064	4.628871021	4.663426372	1.409859992	0.06	4.584844945	4.746792088	-0.082764895	2.000434077	2.20	0	123456789
2014-05-01	0.00381806	0.063	4.63748809	4.672160052	1.321369399	0.14	4.589505654	4.766865957	-0.091051481	2	2.20	-0.00581	123456789
2014-06-01	0.00499809	0.061	4.648552432	4.674090555	1.280155314	-0.02	4.59136879	4.763676688	-0.092505594	2.000867722	2.20	-0.00433	123456789
2014-07-01	0.00600808	0.06	4.661154526	4.677940415	1.292229055	0.18	4.592632355	4.757849311	-0.120574635	1.999565488	2.19	0.00709	123456789
2014-08-01	0.00526345	0.059	4.651903766	4.681775511	1.35454946	0.35	4.594199071	4.750035576	-0.095221251	2.000867722	2.27	-0.03581	123456789
2014-09-01	0.00496537	0.059	4.653389651	4.682731991	1.329107463	0.45	4.593404239	4.75881829	-0.074312127	2.001300933	2.27	-0.022	123456789
2014-10-01	0.00459994	0.058	4.653389651	4.681775511	1.418768812	0.69	4.592848262	4.704488153	-0.073836648	2.001733713	2.38	0	123456789
2014-11-01	0.00415257	0.056	4.651717875	4.682731991	1.441244806	0.81	4.597590386	4.741231369	-0.03108768	2.000434077	2.46	-0.021	123456789
2014-12-01	0.003688	0.056	4.655521749	4.683687557	1.478692618	0.96	4.601485452	4.730073258	-0.088127814	2.000434077	2.53	-0.01871	123456789
2015-01-01	0.00307348	0.055	4.66317826	4.68654879	1.500869603	1.29	4.604708385	4.742807236	-0.048987681	1.996949248	2.57	-0.00097	123456789
													
													
													
													
													
													
													
													
													
													
													
													
													
													
													
													
													
													
													
													
													
													
													
													
													
													
													
													
													
													
													
													
													
													
													
													
													
													
													
													
													
													
													
													
													
													
													
													
													
													
													
													
													
													
													
													
													
													
													
													
													
													
													
													
													
													
													
													
